10 FAST:I=03072:BANK00
20 READA:IFA<0THENSLOW:END:ELSEPOKEI,A:I=I+1:GOTO20
30 DATA076,096,012,076,104,012,072
40 DATA041,112,074,074,074,074,009
50 DATA048,145,250,200,104,041,015
60 DATA009,048,145,250,096,072,138
70 DATA072,152,072,169,032,133,250
80 DATA169,004,133,251,173,058,160
90 DATA005,145,250,173,010,221,058
100 DATA160,005,145,250,173,010,221
110 DATA160,003,032,006,012,169,058
120 DATA160,002,145,250,160,000,173
130 DATA011,221,170,016,007,024,041
140 DATA127,248,105,018,216,032,006
150 DATA012,173,008,221,104,168,104
160 DATA170,104,076,101,250,120,162
170 DATA026,160,012,184,080,005,120
180 DATA162,101,160,250,142,020,003
190 DATA140,021,003,088,096,000,000
200 DATA-1

