10 I=49152
20 READA:IFA<0THENEND
30 POKEI,A:I=I+1:GOTO20
40 DATA169,000,133,251,169,160,133
50 DATA252,160,000,177,251,145,251
60 DATA200,208,249,230,252,169,192
70 DATA197,252,208,239,169,255,141
80 DATA030,160,169,206,141,031,160
90 DATA162,000,189,051,192,157,193
100 DATA160,232,224,004,208,245,076
110 DATA055,192,067,071,084,207,162
120 DATA000,189,073,192,157,000,207
130 DATA232,224,021,208,245,169,054
140 DATA133,001,096,032,138,173,032
150 DATA247,183,032,121,000,240,003
160 DATA076,008,175,032,163,168,076
170 DATA248,168,000,032,032,032,032
180 DATA-1

