0 REM *************************
1 REM * SIMULIAMO IL PRINT AT *
2 REM *   BY LUCA ARCOSTANZO  *
4 REM * PER  MC-MICROCOMPUTER *
5 REM *************************
14 :
70 FORI=49152TO49243:READA:POKEI,A:CK=CK+A:NEXT
75 IFCK<>11204THENPRINT"ERRORE NEI DATA":STOP
80 SYS49152:@ 2,5:PRINT"{SC} IL COMANDO E' STATO INTRODOTTO":END
90 DATA169,76,133,115,169,13,133,116,169,192,133,117,96
100 DATA230,122,208,2,230,123,138,72,162,0,161,122,201,64,240,5,104,170
110 DATA76,121,0,230,122,208,2,230,123,32,235,183,165,20,133,251,201,1
120 DATA48,38,201,26,16,34,198,251,165,21,208,28,138,168,192,1,48,22,192,41
130 DATA16,18,136,166,251,24,32,240,255,230,122,208,2,230,123,104,170,76,121
140 DATA0,76,72,178

