100 REM ** DATAMASTER - BY R.MORASSI **
110 :
120 REM" ** ROUTINE 'DATAENTER' **
130 :
140 DATA 165,020,024,105,059,141,002,003
150 DATA 165,021,105,000,141,003,003,169
160 DATA 128,141,138,002,032,129,255,032
170 DATA 253,174,032,107,169,165,020,133
180 DATA 251,165,021,133,252,169,000,133
190 DATA 253,032,241,183,134,250,032,241
200 DATA 183,134,248,096,032,068,065,084
210 DATA 065,032,000,165,214,201,023,048
220 DATA 009,032,228,255,201,013,208,249
230 DATA 240,033,166,251,165,252,032,205
240 DATA 189,173,002,003,056,233,007,172
250 DATA 003,003,176,001,136,032,030,171
260 DATA 169,002,133,249,032,228,255,201
270 DATA 013,208,025,032,083,228,165,215
280 DATA 201,044,208,005,169,020,032,210
290 DATA 255,162,002,160,000,024,032,240
300 DATA 255,076,131,164,201,020,208,005
310 DATA 032,210,255,208,211,166,248,208
320 DATA 008,201,095,240,101,201,043,240
330 DATA 097,201,048,048,199,201,058,016
340 DATA 006,166,248,240,078,208,006,166
350 DATA 248,240,185,208,004,041,207,016
360 DATA 011,201,065,048,175,201,071,016
370 DATA 171,056,233,055,170,165,253,073
380 DATA 255,133,253,240,009,138,010,010
390 DATA 010,010,133,254,144,150,138,024
400 DATA 101,254,168,032,162,179,160,002
410 DATA 032,223,189,162,000,189,003,001
420 DATA 240,003,232,208,248,138,162,048
430 DATA 142,000,001,142,001,001,032,030
440 DATA 171,016,007,032,210,255,198,249
450 DATA 016,189,165,211,201,038,176,007
460 DATA 169,044,032,210,255,208,132,165
470 DATA 251,024,101,250,133,251,144,002
480 DATA 230,252,169,013,141,119,002,169
490 DATA 001,133,198,076,131,164,000,000
500 DATA 000,000,000,000,000,000,000,000
510 DATA 000,000
520 :
530 REM" ** ROUTINE 'DATAMEMORY' **
540 :
550 DATA 120,169,005,133,255,032,253,174
560 DATA 032,138,173,032,247,183,166,255
570 DATA 165,021,149,249,202,165,020,149
580 DATA 249,198,255,198,255,016,230,032
590 DATA 241,183,134,255,032,241,183,134
600 DATA 247,165,043,072,165,044,072,160
610 DATA 001,152,145,043,200,165,249,145
620 DATA 043,200,165,250,145,043,200,169
630 DATA 131,145,043,200,169,032,145,043
640 DATA 200,152,072,169,052,166,247,240
650 DATA 002,133,001,160,000,177,253,168
660 DATA 138,240,004,169,055,133,001,044
670 DATA 208,205,032,162,179,160,002,032
680 DATA 223,189,162,255,232,189,003,001
690 DATA 208,250,169,048,141,000,001,141
700 DATA 001,001,104,168,169,003,133,248
710 DATA 189,000,001,145,043,200,232,198
720 DATA 248,208,245,230,253,208,002,230
730 DATA 254,056,165,253,229,251,165,254
740 DATA 229,252,169,000,176,033,192,037
750 DATA 240,002,169,044,145,043,208,160
760 DATA 165,043,105,037,133,043,144,002
770 DATA 230,044,024,165,249,101,255,133
780 DATA 249,144,002,230,250,208,161,145
790 DATA 043,200,145,043,200,145,043,200
800 DATA 132,255,024,165,043,101,255,133
810 DATA 045,165,044,105,000,133,046,104
820 DATA 133,044,104,133,043,032,051,165
830 DATA 088,096
840 :
850 FORX=0TO523:READY:POKE49152+X,Y:A=A+Y:NEXT
860 IFA<>66431THENPRINT"ERRORE NEI DATA":STOP
870 END
880 :
1000 POKE43,0:POKE44,192:POKE45,12:POKE46,194
1010 SAVE"DATAMASTER/MC",8,1
1020 SYS64738
