10 REM*********************************
11 REM*********************************
12 REM**                             **
13 REM**       TASTI SPECIALI        **
14 REM**                             **
15 REM**            DI               **
16 REM**                             **
17 REM**  D. RINNONE  &  G. MINARDI  **
18 REM**                             **
19 REM**     VIA PACINOTTI N. 78     **
20 REM**                             **
21 REM**      93015 NISCEMI (CL)     **
22 REM**                             **
23 REM**       TEL. 0933/952527      **
24 REM**                             **
25 REM*********************************
26 REM*********************************
29 POKE 53280,0:POKE 53281,0:POKE 646,1
30 PLOT=58640:SCROLL=59626:CLEAR=58692:SYS (CLEAR):POKE 53272,21:POKE 53265,27
35 POKE 211,4:POKE 214,10:SYS (PLOT)
40 PRINT "DAVIDE RINNONE & GAETANO MINARDI":FORK=0TO8:SYS (SCROLL)
50 FORY=0TO200:NEXT Y,K
60 FORJ=0TO500:NEXT:POKE 211,15:POKE 214,3:SYS (PLOT):PRINT"PRESENTANO"
70 B$="(RVS)":A$=" TASTI SPECIALI ":C$="                "
80 FORK=0TO10:POKE 211,0:POKE 214,10
90 SYS (PLOT):PRINT TAB(12);B$;C$:PRINT TAB(12);B$;A$:PRINT TAB(12)B$;C$
100 IF B$="(RVS)" THEN B$="(OFF)":GOTO 120
110 B$="(RVS)"
120 FORJ=0TO100:NEXT J,K
130 POKE 211,30:POKE 214,20:SYS (PLOT)
140 PRINT"(RVS)RETURN(OFF)":POKE 198,0
150 GET A$:IFA$<>CHR$(13)THEN150
160 SYS (CLEAR):POKE 211,10:POKE 214,10:SYS (PLOT):PRINT "ATTENDERE PREGO..."
170 REM
180 REM LETTURA DATI
190 REM
200 POKE 56334,0:FORX=49152TO49664
210 READA:POKE X,A:NEXT:POKE 56334,1
220 REM
230 REM
240 REM
250 SYS (CLEAR):PRINT "SYS 49570  ATTIVA PROGRAMMA"
260 PRINT : PRINT"SYS 58451:SYS 64789  DISATTIVA PROGRAMMA"
270 END
1000 DATA169,0,141,141,2,160,64,132,203,141,0,220,174,1,220,224
1010 DATA255,240,70,168,169,129,133,245,169,235,133,246,169,254,141,0
1020 DATA220,162,8,72,173,1,220,205,1,220,208,248,74,176,22,72
1030 DATA177,245,201,5,176,12,201,3,240,8,13,141,2,141,141,2
1040 DATA16,2,132,203,104,200,192,65,176,11,202,208,223,56,104,42
1050 DATA141,0,220,208,204,104,108,143,2,169,0,141,47,208,173,1
1060 DATA220,201,255,208,8,169,255,141,47,208,108,143,2,76,192,192
1070 DATA32,234,255,165,204,208,41,198,205,208,37,169,20,133,205,164
1080 DATA211,70,207,174,135,2,177,209,176,17,230,207,133,206,32,36
1090 DATA234,177,243,141,135,2,174,134,2,165,206,73,128,32,28,234
1100 DATA165,1,41,16,240,10,160,0,132,192,165,1,9,32,208,8
1110 DATA165,192,208,6,165,1,41,31,133,1,32,0,192,76,126,234
1120 DATA169,22,133,251,169,193,133,252,160,0,140,167,2,169,254,141
1130 DATA47,208,162,8,72,173,1,220,205,1,220,208,248,74,176,34
1140 DATA72,177,251,16,22,201,240,208,7,169,1,141,167,2,208,17
1150 DATA41,127,72,169,1,141,141,2,104,208,4,201,1,144,2,133
1160 DATA203,104,200,192,25,176,11,202,208,211,56,104,42,141,47,208
1170 DATA208,192,104,108,143,2,0,27,16,0,59,11,24,56,0,40
1180 DATA43,0,1,19,32,8,0,35,44,135,7,130,2,240,0,0
1190 DATA0,0,0,169,0,141,167,2,76,112,192,72,173,167,2,240
1200 DATA18,173,167,2,208,251,32,44,168,173,167,2,240,248,173,167
1210 DATA2,208,251,104,76,26,167,32,115,0,201,70,240,10,201,83
1220 DATA240,31,32,121,0,76,231,167,160,1,185,153,193,240,7,209
1230 DATA122,208,239,200,208,244,32,251,168,169,3,141,48,208,76,174
1240 DATA167,160,1,185,157,193,209,122,208,216,200,192,4,208,244,32
1250 DATA251,168,169,252,141,48,208,76,174,167,65,83,84,0,76,79
1260 DATA87,0,120,169,51,141,20,3,169,193,141,21,3,169,193,141
1270 DATA25,3,169,203,141,24,3,88,169,59,141,6,3,169,193,141
1280 DATA7,3,141,9,3,169,87,141,8,3,96,72,138,72,152,72
1290 DATA169,127,141,13,221,172,13,221,48,31,32,2,253,208,3,108
1300 DATA2,128,32,188,246,32,225,255,208,15,32,21,253,32,163,253
1310 DATA32,24,229,32,162,193,108,2,160,76,114,254,0,0,0,0,0

