0 REM FLIGHT DIGITATO DA SAVER71 IL 25 OTTOBRE 2016
10 PRINT"(CLR)(RVS)(DOWN)                        SIMULATORE DI VOLO                         "
12 PRINT"(RVS)(UP)  BY GIANLUCA PRATO                         "
15 PRINT"(DOWN)(DOWN)(UP)   F  L  I  G  H  T   "
17 PRINT"(DOWN)(RGHT)(RGHT)(RGHT)(RGHT)(RGHT)(RGHT)ATTENDERE":PRINT"(DOWN)   IL CARICAMENTO
18 PRINT"(DOWN) DELLA SECONDA PARTE."
20 PRINT"(DOWN)(DOWN)(RVS)                       COPYRIGHT (GP 1986)                        "
2000 FORT=5120TO7160:READA:POKET,A:NEXT
2010 PRINT"(CLR)    "CHR$(34)"FLIGHT2"CHR$(34)",8"
2020 POKE631,19:POKE632,131:POKE198,2:NEW
5000 DATA255,255,241,247,243,247,247,255,255,255,188,189,188,189,141,255,255,255,99,107
5010 DATA99,111,111,255,255,255,255,255,255,255,255,255,255,136,186,152,187,185,186,255
5020 DATA255,138,184,154,186,186,138,255,255,191,191,191,191,167,167,255,255,150,182
5030 DATA182,182,182,146,255,255,37,173,172,173,173,37,255,255,79,95,79,95,95,79,255
5040 DATA255,196,221,220,221,221,197,255,255,68,85,85,76,85,85,255,255,127,127,127,255
5050 DATA79,79,255,255,231,219,189,189,219,231,255,255,231,195,129,129,195,231,255,255
5060 DATA139,171,171,139,171,168,255,255,138,219,219,219,219,219,255,255,63,127,127,127
5070 DATA79,79,255,255,136,170,136,154,170,170,255,255,168,139,171,171,170,168,255,255
5080 DATA143,191,159,191,191,143,255,255,201,182,182,182,182,182,255,255,255,255,255
5090 DATA255,159,159,255,255,84,69,85,85,85,84,255,255,167,171,171,171,170,166,255,255
5100 DATA169,171,169,171,219,217,255,255,49,91,91,59,91,91,255,255,71,95,95,95,93,69
5110 DATA255,255,136,186,136,235,235,139,255,255,136,187,153,187,187,136,255,255,159
5120 DATA175,175,175,175,159,255,255,138,186,154,186,186,184,255,0,0,0,0,0,0,0,0,255
5130 DATA139,187,155,187,187,136,255,36,36,36,0,0,0,0,0,255,17,85,85,21,117,113,255,255
5140 DATA116,117,84,85,85,172,255,255,71,215,71,207,215,87,255,255,255,255,255,255,255
5150 DATA255,255,0,255,255,255,255,255,255,255,0,0,255,255,255,255,255,255,0,0,0,255
5160 DATA255,255,255,255,0,0,0,0,255,255,255,255,0,0,0,0,0,255,255,255,0,0,0,0,0,0,255
5170 DATA255,255,255,255,129,255,255,255,255,0,3,1,3,4,252,39,1,0,128,0,128,64,126,200
5180 DATA0,195,189,189,255,189,189,195,255,253,253,253,255,253,253,253,255,195,253,253
5190 DATA195,191,191,195,255,195,253,253,195,253,253,195,255,255,189,189,195,253,253
5200 DATA253,255,195,191,191,195,253,253,195,255,195,191,191,195,189,189,195,255,195
5210 DATA253,253,255,253,253,255,255,195,189,189,195,189,189,195,255,195,189,189,195
5220 DATA253,253,195,255,0,0,0,0,0,0,0,255,255,255,255,255,255,255,255,255,0,0,0,0,0
5230 DATA0,0,0,255,255,255,255,255,255,255,255,0,8,8,62,8,8,0,0,255,247,247,193,247,247
5240 DATA255,255,0,0,18,27,42,37,37,60,0,0,0,0,128,64,64,224,0,0,0,0,27,37,37,35,0,0
5250 DATA0,0,128,64,64,32,66,66,66,129,255,0,0,0,144,136,136,68,126,0,0,0,0,0,0,0,0,0
5260 DATA24,36,0,0,0,0,0,0,192,160,36,67,66,66,129,129,129,255,144,200,68,34,33,16,8
5270 DATA15,0,0,0,0,0,128,64,224,34,66,66,65,129,129,129,129,0,0,0,0,0,128,64,32,112
5280 DATA72,36,34,193,240,8,8,129,1,0,0,255,0,0,0,0,1,1,1,3,0,0,0,4,4,130,130,193,0,0
5290 DATA0,16,8,8,4,254,0,0,0,0,0,0,1,1,1,2,2,0,0,0,255,0,0,0,0,0,0,0,131,130,65,64,64
5300 DATA2,2,4,4,4,4,8,8,32,32,32,16,15,0,0,15,8,16,16,16,32,32,32,63,0,0,0,0,0,0,0,255
5310 DATA8,8,8,8,4,4,4,252,64,64,32,32,240,8,8,252,32,16,8,4,2,1,0,0,0,0,0,0,0,0,128
5320 DATA64,0,0,0,252,2,1,128,128,4,2,2,1,1,0,0,0,0,0,0,0,0,128,128,127,0,0,0,0,0,0,0
5330 DATA0,32,16,8,4,2,1,1,255,0,0,0,0,7,4,8,8,0,0,0,0,255,0,0,0,0,0,0,0,240,16,16,16
5340 DATA8,16,16,16,32,32,32,32,8,8,8,8,4,4,4,4,32,64,64,64,128,128,128,128,3,0,0,0,0
5350 DATA0,1,1,1,1,1,1,2,2,2,3,128,128,128,64,64,64,64,192,0,0,0,0,7,4,8,8,255,0,0,0
5360 DATA0,0,255,0,192,0,0,0,0,0,252,4,2,2,1,1,0,0,0,0,0,0,0,0,0,128,128,64,4,2,2,1,1
5370 DATA0,0,0,128,64,64,32,16,8,8,4,0,0,0,15,8,8,4,4,0,0,0,252,2,1,0,0,0,0,0,0,0,0,128
5380 DATA64,32,16,8,4,2,1,0,0,0,0,0,0,0,0,0,0,0,0,0,0,0,0,0,0,0,0,0,0,0,0,0,0,0,0,0,0
5390 DATA0,0,0,0,0,0,0,0,0,0,0,0,0,0,0,0,0,0,0,0,0,0,0,0,0,0,0,0,255,255,255,255,255
5400 DATA255,255,255,0,8,8,62,8,8,0,0,255,247,247,193,247,247,255,255,255,1,1,1,1,1,1
5410 DATA1,231,219,189,129,189,189,189,255,131,221,221,195,221,221,131,255,227,221,191
5420 DATA191,191,221,227,255,135,219,221,221,221,219,135,255,129,191,191,135,191,191
5430 DATA129,255,129,191,191,135,191,191,191,255,227,221,191,177,189,221,227,255,189
5440 DATA189,189,129,189,189,189,255,227,247,247,247,247,247,227,255,241,251,251,251
5450 DATA251,187,199,255,189,187,183,143,183,187,189,255,191,191,191,191,191,191,129
5460 DATA255,189,153,165,165,189,189,189,255,189,157,173,181,185,189,189,255,231,219
5470 DATA189,189,189,219,231,255,131,189,189,131,191,191,191,255,231,219,189,189,181
5480 DATA219,229,255,131,189,189,131,183,187,189,255,195,189,191,195,253,189,195,255
5490 DATA193,247,247,247,247,247,247,255,189,189,189,189,189,189,195,255,189,189,189
5500 DATA219,219,231,231,255,189,189,189,165,165,153,189,255,189,189,219,231,219,189
5510 DATA189,255,221,221,221,227,247,247,247,255,129,253,251,231,223,191,129,255,195
5520 DATA223,223,223,223,223,195,255,243,239,239,195,239,143,145,255,195,251,251,251
5530 DATA251,251,195,255,255,247,227,213,247,247,247,247,255,255,239,223,128,223,239
5540 DATA255,255,255,255,255,255,255,255,255,247,247,247,247,255,255,247,255,219,219
5550 DATA219,255,255,255,255,255,219,219,129,219,129,219,219,255,247,225,215,227,245
5560 DATA195,247,255,255,157,155,247,239,217,185,255,207,183,183,207,181,187,197,255
5570 DATA251,247,239,255,255,255,255,255,251,247,239,239,239,247,251,255,223,239,247
5580 DATA247,247,239,223,255,247,213,227,193,227,213,247,255,255,247,247,193,247,247
5590 DATA255,255,255,255,255,255,255,247,247,239,255,255,255,129,255,255,255,255,255
5600 DATA255,255,255,255,231,231,255,255,253,251,247,239,223,191,255,195,189,185,165
5610 DATA157,189,195,255,247,231,215,247,247,247,193,255,195,189,253,243,207,191,129
5620 DATA255,195,189,253,227,253,189,195,255,251,243,235,219,129,251,251,255,129,191
5630 DATA135,251,253,187,199,255,227,223,191,131,189,189,195,255,129,189,251,247,239
5640 DATA239,239,255,195,189,189,195,189,189,195,255,195,189,189,193,253,251,199,255
5650 DATA255,255,247,255,255,247,255,255,255,255,247,255,255,247,247,239,241,231,207
5660 DATA159,207,231,241,255,255,255,129,255,129,255,255,255,143,231,243,249,243,231
5670 DATA143,255,195,189,253,243,239,255,239,255,0,128,192,255,255,255,0,0,0,0,0,254
5680 DATA255,255,0,0,0,0,0,0,254,255,255,0,0,128,192,248,255,255,15,0,0,0,0,0,224,254
5690 DATA255,31,64,192,248,255,127,15,0,0,0,0,0,128,240,254,127,15,0,0,254,255,255,0
5700 DATA0,0,0,128,199,255,255,248,0,0,0,30,255,255,224,0,0,0,0,0,128,207,255,255,120
5710 DATA0,0,30,255,255,224,0,0,0,255,0,0,0,0,0,0,0,0,0,0,0,0,0,0,255,128,128,128,128
5720 DATA128,128,128,128,1,1,1,1,1,1,1,1,0,16,16,124,214,16,56,0,0,3,1,195,60,4,7,1,0
5730 DATA128,0,128,64,120,198,0,0,3,1,3,4,4,31,225,0,128,0,134,120,64,192,0,255,255,255
5740 DATA255,255,255,255,0,0,12,31,24,60,126,124,255,0,0,1,195,63,28,63,255,0,128,128
5750 DATA97,31,15,31,255,64,112,200,196,130,1,129,255,0,0,32,32,88,196,226,255,0,0,40
5760 DATA56,40,40,0,0,170,1,0,1,0,1,0,1,170,0,0,0,0,0,0,0,0,1,0,1,0,1,0,1,170,32,80,138
5770 DATA5,8,0,0,170,16,40,69,18,40,0,0,0,32,80,138,5,8,0,0,85,254,255,254,255,254,255
5780 DATA254,85,44,48,44,48,44,48,44,48,44,49,50,56,44,54,52,44,51,50,44,49,49,50,44
5790 DATA55,50,44,51,54,44,51,52,44,49,57,51,44,50,52,48,44,56,44,56,44,49,50,57,44,49
5800 DATA44,48,0,224,45,50,40,131,48,44,50,53,53,44,48,44,48,44,48,44,48,44,49,44,49
5810 DATA44,49,44,51,44,48,44,48,44,48,44,52,44,52,44,49,51,48,44,49,51,48,44,49,57,51
5820 DATA44,48,44,48,44,48,44,49,54,44,56,44,56,44,52,44,50,53,52,44,48,44,48,44,48,44
5830 DATA48,44,48,44,48,0,49,46,60,40,131,49,44,49,44,49,44,50,44,50,44,48,44,48,44,48
5840 DATA44,50,53,53,44,48,44,48,44,48,44,48,44,48,44,48,44,48,44,49,51,49,44,49,51,48
5850 DATA44,54,53,44,54,52,44,54,52,44,50,44,50,44,52,44,52,44,52,44,52,44,56,44,56,44
5860 DATA51,50,44,51,50,44,51,50,0,129,46,70,40,131,49,54,44,49,53,44

