0 REM **********************
1 REM * ROTAZIONE DI 90 GR *
2 REM *  DI 128 CARATTERI  *
3 REM *  PER COMMODORE 64  *
4 REM * DI VITTORIO CIACCI *
8 REM **********************
9 :
10 DATA169,48,133,52,133,56,169,254,45,14,220,141,14,220,169,251,37,1
11 DATA133,1,160,0,132,250,132,252,169,208,133,251,169,48,133,253,177,250
12 DATA145,252,200,208,249,230,251,230,253,165,253,201,52,208,239,169,0,145
13 DATA252,200,208,251,230,253,166,253,224,56,208,243,169,48,141,154,192,141
14 DATA161,192,141,164,192,169,52,141,170,192,141,173,192,169,0,197,2,208
15 DATA21,141,158,192,169,128,141,138,192,169,74,141,140,192,169,30,141,152
16 DATA192,76,132,192,169,127,141,158,192,169,1,141,138,192,169,10,141,140
17 DATA192,169,94,141,152,192,162,0,134,249,216,169,128,72,74,208,252,104
18 DATA160,0,133,2,169,0,133,248,30,0,48,144,17,169,0,125,0,48
19 DATA157,0,48,165,2,24,121,0,52,153,0,52,200,230,248,165,248,201
20 DATA8,208,225,138,24,105,8,170,192,0,208,212,230,249,166,249,224,8
21 DATA208,199,238,154,192,238,161,192,238,164,192,238,170,192,238,173,192,173
22 DATA173,192,201,56,208,166,162,8,169,255,157,255,52,202,208,250,169,4
23 DATA 5,1,133,1,169,1,13,14,220,141,14,220,169,240,45,24,208,24
24 DATA105,12,141,24,208,96
25 PRINTCHR$(147)TAB(212)"LETTURA DEI DATA": X1=49152: X2=36931
26 FORI=0TO257:READA:POKEX1+I,A:X=X+A:NEXT:IFX<>X2THENPRINT"DATA ERROR":END
27 PRINTCHR$(147)"DIGITARE POKE2,0 PER RUOTARE I CARATTERIA DESTRA DI 90 GRADI"
28 PRINT"DIGITARE POKE2,1 PER RUOTARE I CARATTERIA SINISTRA DI 90 GRADI"
29 PRINT"QUINDI LANCIARE IL PROGRAMMA (SYS49152)"
30 PRINT"I CARATTERI RUOTATI SOSTITUISCONO NELLA RAM QUELLI IN REVERSE"

