10 FORI=49408TO49617:READII:POKEI,II:NEXT
20 SYS49408
30 REM ********************************
40 REM *                              *
50 REM *       16   S P R I T E       *
60 REM *                              *
61 REM *    ----------------------    *
62 REM *    (C) 1985  ADP SOFTWARE    *
63 REM *    ----------------------    *
64 REM *                              *
70 REM ********************************
1000 DATA120,169,193,141,21,3,169,51,141,20,3,173,17,208,41,127,141,17,208,169
1010 DATA251,141,18,208,169,1,133,254,141,26,208,173,14,220,41,254,141,14,220
1020 DATA169,0,162,112,157,0,192,202,16,250,88,96,169,1,141,25,208,165,254,208
1030 DATA75,169,1,133,254,173,30,208,141,94,192,173,31,208,141,95,192,162,16
1040 DATA189,0,192,157,0,208,202,16,247,162,9,189,37,192,157,37,208,202,16,247
1050 DATA173,21,192,141,21,208,173,23,192,141,23,208,162,2,189,27,192,157,27
1060 DATA208,202,16,247,162,7,189,48,192,157,248,7,202,16,247,76,49,234,169,0
1070 DATA133,254,173,30,208,141,30,192,173,31,208,141,31,192,162,16,189,64,192
1080 DATA157,0,208,202,16,247,162,9,189,101,192,157,37,208,202,16,247,173,85
1090 DATA192,141,21,208,173,87,192,141,23,208,162,2,189,91,192,157,27,208,202
1100 DATA16,247,162,7,189,56,192,157,248,7,202,16,247,76,49,234

