0 H=0.5
1 REM ******************************
2 REM *                            *
3 REM *      GRAFICA  HGR/IRQ      *
4 REM *                            *
5 REM *   ----------------------   *
6 REM *   (C) 1985  ADP SOFTWARE   *
7 REM *   ----------------------   *
8 REM *                            *
9 REM ******************************
10 HH=H*200+51:POKE251,INT(HH/8)*8+2
15 FORI=52192TO52432:READII:POKEI,II:NEXT
20 BA=57344:SYS52192:GOTO150
30 IFX<0ORX>319ORY<0ORY>199THENRETURN
40 A=(XAND504):AA=7-(XAND7)
50 B=(YAND248)/8:BB=YAND7
60 P=BA+B*320+A+BB:POKE253,2^AA
70 POKE255,P/256:POKE254,(P/256-PEEK(255))*256+.5
80 SYS52414:RETURN
90 DATA173,2,221,9,3,141,2,221,173,0,221,41,252,141,0,221,173,24,208,41,1,9,8
95 DATA141,24,208,173,17,208,9,32,141,17,208,169,16,162,0,157,0,192,157,0,193
100 DATA157,0,194,157,0,195,202,208,241,169,224,133,255,169,0,133,254,168,145
105 DATA254,200,208,251,230,255,208,247,120,169,204,141,21,3,169,82,141,20,3
110 DATA173,14,220,41,254,141,14,220,169,1,141,26,208,169,119,133,252,169,0,141
115 DATA18,208,173,17,208,41,127,141,17,208,88,96,165,252,208,50,173,2,221,9
120 DATA3,141,2,221,173,0,221,41,252,9,3,141,0,221,169,20,141,24,208,173,17,208
125 DATA41,223,141,17,208,165,251,141,18,208,173,17,208,41,127,141,17,208,169
130 DATA119,133,252,208,46,173,2,221,9,3,141,2,221,173,0,221,41,252,141,0,221
135 DATA169,8,141,24,208,173,17,208,9,32,141,17,208,169,0,141,18,208,173,17,208
140 DATA41,127,141,17,208,169,0,133,252,169,1,141,25,208,76,49,234,120,169,5
145 DATA133,1,160,0,177,254,5,253,145,254,169,7,133,1,88,96
150 REM ****************************
160 REM * TUTTE LE RIMANENTI LINEE *
170 REM * OSPITERANNO IL PROGRAMMA *
180 REM * CHE SFRUTTA TALE GRAFICA *
190 REM * 'X' FRA 0 E 319          *
200 REM * 'Y' FRA 0 E 199          *
210 REM * GOSUB 30                 *
220 REM ****************************

