10 FORI=2049TO2302:READII:POKEI,II:NEXT
30 REM ********************************
40 REM *                              *
50 REM *    O  R  O  L  O  G  I  O    *
60 REM *                              *
70 REM *    ---------------------     *
80 REM *    (C) 1985 ADP-SOFTWARE     *
90 REM *    ---------------------     *
91 REM *                              *
92 REM *   POKE44,9:POKE2304,0:NEW    *
93 REM *      PRIMA DI BATTERE O      *
94 REM *       CARICARE QUESTO        *
95 REM *          PROGRAMMA           *
96 REM *                              *
98 REM ********************************
1000 DATA120,169,0,141,0,9,169,9,133,44,169,8,141,21,3,169,56,141,20,3,165,160
1010 DATA133,170,165,161,133,171,165,162,133,172,32,154,8,32,154,8,134,251,32
1020 DATA154,8,134,252,165,172,133,253,169,0,133,254,88,96,230,254,165,254,201
1030 DATA60,240,3,76,49,234,162,0,134,254,230,251,165,251,201,60,208,22,134,251
1040 DATA230,252,165,252,201,60,208,12,134,252,230,253,165,253,201,24,208,2,134
1050 DATA253,160,0,165,253,32,213,8,169,186,153,0,4,173,134,2,153,0,216,200,165
1060 DATA252,32,213,8,169,186,153,0,4,173,134,2,153,0,216,200,165,251,32,213
1070 DATA8,76,49,234,234,234,234,234,234,234,234,234,234,216,162,255,134,255
1080 DATA134,254,134,253,230,255,208,6,230,254,208,2,230,253,56,165,172,233,60
1090 DATA133,172,165,171,233,0,133,171,165,170,233,0,133,170,176,225,24,165,172
1100 DATA105,60,170,165,255,133,172,165,254,133,171,165,253,133,170,96,162,255
1110 DATA56,232,201,10,48,4,233,10,176,247,72,138,24,105,176,153,0,4,173,134
1120 DATA2,153,0,216,200,104,24,105,176,153,0,4,173,134,2,153,0,216,200,96
