10 FORI=2049TO2320:READII:POKEI,II:NEXT
30 REM ********************************
40 REM *                              *
50 REM *     S  V  E  G  L  I  A      *
60 REM *                              *
70 REM *    ---------------------     *
80 REM *    (C) 1985 ADP-SOFTWARE     *
90 REM *    ---------------------     *
91 REM *                              *
92 REM *   POKE44,10:POKE2560,0:NEW   *
93 REM *      PRIMA DI BATTERE O      *
94 REM *       CARICARE QUESTO        *
95 REM *          PROGRAMMA           *
96 REM *                              *
98 REM ********************************
1000 DATA120,169,0,141,0,10,169,10,133,44,165,46,133,255,165,45,133,254,160,0
1010 DATA177,254,201,65,208,7,200,177,254,201,204,240,33,165,254,197,47,208,6
1020 DATA165,255,197,48,240,16,24,216,165,254,105,7,133,254,165,255,105,0,133
1030 DATA255,144,213,162,22,76,55,164,200,177,254,201,4,208,244,200,177,254,133
1040 DATA251,200,177,254,133,252,160,0,177,251,41,15,133,172,200,177,251,41,15
1050 DATA133,170,165,172,10,10,10,24,101,172,101,172,101,170,133,170,200,177
1060 DATA251,41,15,133,172,200,177,251,41,15,133,171,165,172,10,10,10,24,101
1070 DATA172,101,172,101,171,133,171,160,0,132,255,132,254,132,253,166,170,240
1080 DATA22,24,165,255,105,192,133,255,165,254,105,75,133,254,165,253,105,3,133
1090 DATA253,202,208,234,166,171,240,21,24,165,255,105,16,133,255,165,254,105
1100 DATA14,133,254,165,253,105,0,133,253,202,208,234,120,169,8,141,21,3,169
1110 DATA214,141,20,3,88,96,165,162,197,255,208,12,165,161,197,254,208,6,165
1120 DATA253,197,160,240,3,76,49,234,162,24,169,0,157,0,212,202,16,250,169,15
1130 DATA141,24,212,169,190,141,5,212,169,89,141,6,212,169,220,141,1,212,169
1140 DATA33,141,4,212,76,49,234

