100 FORI=49152TO49785:READII
110 POKEI,II:NEXT
120 FORI=50176TO50613:READII
130 POKEI,II:NEXT
140 FORI=52480TO52785:READII
150 POKEI,II:NEXT
290 SYS49152:END
300 ++++++++++++++++++++++++++++++++++++++++++++++++++++++
310 +                                                    +
320 +   ***  ****  ****     ****   ***   ***  ***  ***   +
330 +  *   * *   * *   *    *   * *   * *      *  *   *  +
340 +  ***** *   * ****     ****  *****  ***   *  *      +
350 +  *   * *   * *        *   * *   *     *  *  *   *  +
360 +  *   * ****  *        ****  *   *  ***  ***  ***   +
370 +                                                    +
380 +             --------------------------             +
390 +             (C)  1984     ADP SOFTWARE             +
400 +             --------------------------             +
410 +                                                    +
500 ++++++++++++++++++++++++++++++++++++++++++++++++++++++
1000 DATA120,169,30,141,4,3,169,193,141,5,3,169,68,141,6,3,169,194,141,7,3,234
1010 DATA234,169,249,141,8,3,169,192,141,9,3,208,48,32,204,255,32,231,255,169
1020 DATA68,162,4,160,0,32,186,255,169,0,32,189,255,32,192,255,96,32,204,255
1030 DATA32,231,255,169,72,162,8,160,15,32,186,255,169,0,32,189,255,32,192,255
1040 DATA96,169,11,141,32,208,141,33,208,169,155,32,210,255,96,0,0,0,0,0,0,0
1050 DATA0,0,0,0,0,0,0,0,0,0,0,0,0,0,0,0,0,0,0,0,0,0,0,0,255,195,18,196,37,196
1060 DATA52,196,91,196,106,196,139,196,171,196,185,196,195,196,18,197,0,0,0,0
1070 DATA0,0,0,0,0,0,0,0,0,0,0,0,0,0,0,0,0,0,0,0,0,0,0,0,0,0,0,0,0,0,0,0,0,0
1080 DATA0,0,0,0,0,0,0,0,0,0,0,0,0,0,0,0,0,0,0,0,0,0,0,0,0,0,0,0,0,0,0,0,0,0
1090 DATA0,0,0,0,0,0,0,0,0,0,0,0,0,0,0,0,0,0,0,0,0,0,0,0,0,0,0,32,115,0,201,128
1100 DATA48,4,201,204,16,4,56,76,231,167,56,233,204,10,168,169,167,72,169,233
1110 DATA72,185,129,192,72,185,128,192,72,76,115,0,166,122,160,4,132,15,189,0
1120 DATA2,16,7,201,255,240,73,232,208,244,201,32,240,66,133,8,201,34,240,97
1130 DATA36,15,112,56,201,63,208,4,169,153,208,48,201,48,144,4,201,60,144,40
1140 DATA132,113,160,0,169,204,133,254,169,1,133,253,132,11,136,134,122,202,200
1150 DATA208,2,230,254,232,189,0,2,56,241,253,240,242,201,128,208,48,5,11,164
1160 DATA113,232,200,153,251,1,185,251,1,240,60,56,233,58,240,4,201,73,208,2
1170 DATA133,15,56,233,85,208,148,133,8,189,0,2,240,223,197,8,240,219,200,153
1180 DATA251,1,232,208,240,166,122,230,11,198,253,200,208,2,230,254,177,253,16
1190 DATA247,230,253,177,253,208,175,189,0,2,16,184,153,253,1,198,123,169,255
1200 DATA133,122,96,144,6,240,4,201,171,208,247,32,107,169,32,19,166,32,121,0
1210 DATA240,12,201,171,208,232,32,115,0,32,107,169,208,224,104,104,165,20,5
1220 DATA21,208,6,169,255,133,20,133,21,160,1,132,15,177,95,240,67,32,44,168
1230 DATA32,215,170,200,177,95,170,200,177,95,197,21,208,4,228,20,240,2,176,44
1240 DATA132,73,32,205,189,169,32,164,73,41,127,32,71,171,201,34,208,6,165,15
1250 DATA73,255,133,15,200,240,17,177,95,208,16,168,177,95,170,200,177,95,134
1260 DATA95,133,96,208,181,76,134,227,108,6,3,16,215,201,255,240,211,36,15,48
1270 DATA207,56,233,127,170,132,73,160,255,169,204,133,255,169,1,133,254,202
1280 DATA240,11,200,208,2,230,255,177,254,16,247,48,242,200,208,2,230,255,177
1290 DATA254,48,164,32,71,171,208,242
1999 REM **************************************************************
2000 DATA32,59,192,162,72,32,201,255,169,73,32,210,255,32,231,255,76,248,168
2010 DATA32,59,192,162,72,32,201,255,169,86,32,210,255,32,231,255,76,248,168
2020 DATA32,59,192,162,72,32,201,255,169,83,32,210,255,208,67,32,59,192,162,72
2030 DATA32,201,255,169,78,32,210,255,169,58,32,210,255,32,212,225,160,0,177
2040 DATA187,32,210,255,200,196,183,208,246,32,204,255,76,248,168,32,59,192,162
2050 DATA72,32,201,255,169,67,32,210,255,208,13,32,59,192,162,72,32,201,255,169
2060 DATA82,32,210,255,169,58,32,210,255,32,212,225,160,0,177,187,32,210,255
2070 DATA200,196,183,208,246,169,13,32,210,255,32,59,192,162,72,32,198,255,32
2080 DATA207,255,32,210,255,32,183,255,201,64,208,243,32,59,192,76,248,168,169
2090 DATA0,133,10,32,212,225,169,8,133,186,76,111,225,32,212,225,169,8,133,186
2100 DATA76,89,225,169,1,208,230,133,98,134,99,162,144,56,32,73,188,32,223,189
2110 DATA133,253,132,254,160,255,162,0,200,177,253,208,251,132,252,56,169,3,229
2120 DATA252,168,240,9,169,32,157,60,3,232,136,208,249,177,253,157,60,3,232,200
2130 DATA201,0,208,245,202,169,32,157,60,3,232,169,0,157,60,3,169,60,160,3,76
2140 DATA30,171,169,65,162,8,160,0,32,186,255,169,1,162,96,160,163,32,189,255
2150 DATA32,192,255,162,65,32,198,255,32,207,255,32,207,255,32,207,255,32,207
2160 DATA255,169,13,32,210,255,32,225,255,240,104,32,183,255,208,99,32,207,255
2170 DATA133,254,32,207,255,166,254,32,200,196,32,207,255,234,234,201,34,240
2180 DATA14,201,66,208,243,32,210,255,32,207,255,208,248,240,199,162,0,157,195
2190 DATA2,232,32,207,255,157,195,2,201,34,208,245,32,207,255,201,32,240,249
2200 DATA141,192,2,32,207,255,141,193,2,169,32,141,194,2,234,169,0,157,195,2
2210 DATA162,255,232,189,192,2,240,5,32,210,255,208,245,32,207,255,208,251,240
2220 DATA136,32,204,255,169,65,32,195,255,76,248,168
2999 REM **************************************************************
3000 DATA0,69,78,196,70,79,210,78,69,88,212,68,65,84,193,73,78,80,85,84,163,73
3010 DATA78,80,85,212,68,73,205,82,69,65,196,76,69,212,71,79,84,207,82,85,206
3020 DATA73,198,82,69,83,84,79,82,197,71,79,83,85,194,82,69,84,85,82,206,82,69
3030 DATA205,83,84,79,208,79,206,87,65,73,212,76,79,65,196,83,65,86,197,86,69
3040 DATA82,73,70,217,68,69,198,80,79,75,197,80,82,73,78,84,163,80,82,73,78,212
3050 DATA67,79,78,212,76,73,83,212,67,76,210,67,77,196,83,89,211,79,80,69,206
3060 DATA67,76,79,83,197,71,69,212,78,69,215,84,65,66,168,84,207,70,206,83,80
3070 DATA67,168,84,72,69,206,78,79,212,83,84,69,208,171,173,170,175,222,65,78
3080 DATA196,79,210,190,189,188,83,71,206,73,78,212,65,66,211,85,83,210,70,82
3090 DATA197,80,79,211,83,81,210,82,78,196,76,79,199,69,88,208,67,79,211,83,73
3100 DATA206,84,65,206,65,84,206,80,69,69,203,76,69,206,83,84,82,164,86,65,204
3110 DATA65,83,195,67,72,82,164,76,69,70,84,164,82,73,71,72,84,164,77,73,68,164
3120 DATA71,207,73,78,73,212,86,68,65,84,197,69,82,65,83,197,70,77,65,212,67
3130 DATA79,80,217,82,69,78,65,77,197,70,76,65,83,200,68,76,79,65,196,68,83,65
3140 DATA86,197,68,86,69,210,67,65,212

