10 POKE56,78
20 PRINT"(CLR)(RVS)(DOWN)    ARCADE   GAME                           "
30 PRINT"(UP)(RVS)  BY GIANLUCA PRATO   "
40 PRINT"(DOWN)(DOWN)   E  A  G  L  E  3   "
45 PRINT"(DOWN)(RGHT)(RGHT)(RGHT)(RGHT)(RGHT)(RGHT)ATTENDERE"
50 PRINT"(DOWN)   IL CARICAMENTO
60 PRINT"(DOWN) DELLA SECONDA PARTE."
70 PRINT"(DOWN)(DOWN)(DOWN)(RVS)                       COPYRIGHT (GP 1986)                        (HOME)"
1000 FORT=5120TO7160:READA:POKET,A:NEXT
1010 FORT=20290TO21000:READA:POKET,A:NEXT
1015 FORI=24476TO24555:READA:POKEI,A:NEXT
1017 CLR:SYS24476
1020 PRINT"(CLR)(DOWN)(DOWN)(DOWN)LOAD"CHR$(34)"PART2"CHR$(34)",8(HOME)":POKE198,1:POKE631,131
5000 DATA153,126,90,66,126,126,36,255,24,36,66,126,66,66,66,0,124,34,34,60,34,34,124
5005 DATA0,28,34,64,64,64,34,28,0,120,36,34,34,34,36,120,0,126,64,64,120,64,64,126,0
5010 DATA126,64,64,120,64,64,64,0,28,34,64,78,66,34,28,0,66,66,66,126,66,66,66,0,28,8
5015 DATA8,8,8,8,28,0,14,4,4,4,4,68,56,0,66,68,72,112,72,68,66,0,64,64,64,64,64,64,126
5020 DATA0,66,102,90,90,66,66,66,0,66,98,82,74,70,66,66,0,24,36,66,66,66,36,24,0,124
5025 DATA66,66,124,64,64,64,0,24,36,66,66,74,36,26,0,124,66,66,124,72,68,66,0,60,66,64
5030 DATA60,2,66,60,0,62,8,8,8,8,8,8,0,66,66,66,66,66,66,60,0,66,66,66,36,36,24,24,0
5035 DATA66,66,66,90,90,102,66,0,66,66,36,24,36,66,66,0,34,34,34,28,8,8,8,0,126,2,4,24
5040 DATA32,64,126,0,60,32,32,32,32,32,60,0,12,16,16,60,16,112,110,0,60,4,4,4,4,4,60
5045 DATA0,0,8,28,42,8,8,8,8,0,0,16,32,127,32,16,0,0,0,0,0,0,0,0,0,8,8,8,8,0,0,8,0,36
5050 DATA36,36,0,0,0,0,0,36,36,126,36,126,36,36,0,8,30,40,28,10,60,8,0,0,98,100,8,16
5055 DATA38,70,0,48,72,72,48,74,68,58,0,4,8,16,0,0,0,0,0,4,8,16,16,16,8,4,0,32,16,8,8
5060 DATA8,16,32,0,8,42,28,62,28,42,8,0,0,8,8,62,8,8,0,0,0,0,0,0,0,8,8,16,0,0,0,126,0
5065 DATA0,0,0,0,0,0,0,0,24,24,0,0,2,4,8,16,32,64,0,60,66,66,0,66,66,60,0,0,2,2,0,2,2
5070 DATA0,0,60,2,2,60,64,64,60,0,60,2,2,60,2,2,60,0,0,34,34,28,2,2,0,0,60,64,64,60,2
5075 DATA2,60,0,60,64,64,60,66,66,60,0,60,2,2,0,2,2,0,0,60,66,66,60,66,66,60,0,60,66
5080 DATA66,62,2,4,56,0,0,0,8,0,0,8,0,0,0,0,8,0,0,8,8,16,14,24,48,96,48,24,14,0,0,0,126
5085 DATA0,126,0,0,0,112,24,12,6,12,24,112,0,60,66,2,12,16,0,16,0,0,0,0,0,255,0,0,0,0
5090 DATA0,0,0,0,0,0,0,16,16,16,16,16,16,16,16,0,0,0,255,0,0,0,0,0,0,255,0,0,0,0,0,0
5095 DATA255,0,0,0,0,0,0,0,0,0,0,0,255,0,0,32,32,32,32,32,32,32,32,4,4,4,4,4,4,4,4,0
5100 DATA0,0,0,224,16,8,8,8,8,8,4,3,0,0,0,8,8,8,16,224,0,0,0,128,128,128,128,128,128
5105 DATA128,255,255,63,63,31,15,3,1,1,255,252,252,248,224,192,128,128,127,255,255,255
5110 DATA127,127,127,255,254,255,255,255,254,254,254,255,128,192,192,224,240,252,254
5115 DATA254,1,3,3,7,31,63,127,255,255,96,0,0,0,0,0,0,255,0,0,0,0,0,0,0,0,0,0,0,3,4,8
5120 DATA8,129,66,36,24,24,36,66,129,0,0,0,24,74,222,60,255,8,28,42,119,42,8,8,0,2,2
5125 DATA2,2,2,2,2,2,8,28,62,127,62,28,8,0,170,85,255,255,255,255,255,255,160,80,160
5130 DATA80,160,80,160,80,8,8,8,8,8,8,8,8,0,0,1,62,84,20,20,0,255,127,63,31,15,7,3,1
5135 DATA0,0,0,0,0,0,0,0,240,240,240,240,240,240,240,240,0,0,0,0,255,255,255,255,156
5140 DATA255,255,255,255,255,255,255,0,0,0,0,0,0,0,255,128,128,128,128,128,128,128,128
5145 DATA170,85,170,85,170,85,170,85,1,1,1,1,1,1,1,1,0,0,0,0,170,85,170,85,255,254,252
5150 DATA248,240,224,192,128,0,255,255,255,255,255,255,255,0,0,255,255,255,255,255,255
5155 DATA0,0,0,255,255,255,255,255,0,0,0,0,255,255,255,255,0,0,0,0,0,255,255,255,0,0
5160 DATA0,0,0,0,255,255,0,0,0,0,0,0,0,255,8,8,8,8,255,0,0,0,0,106,74,106,74,78,0,0,0
5165 DATA100,68,100,68,102,0,0,0,15,16,29,31,63,63,255,192,56,4,140,254,254,255,255,7
5170 DATA7,7,7,7,7,7,7,85,170,255,255,255,255,255,255,85,170,255,255,255,255,255,255
5175 DATA255,255,168,171,169,171,216,255,255,255,189,189,189,189,150,255,255,255,68,93
5180 DATA76,93,197,255,255,255,71,111,239,111,171,255,255,255,190,189,189,189,150,255
5185 DATA255,255,205,85,77,85,213,255,255,255,143,239,223,191,139,255,192,192,32,16,8
5190 DATA4,3,3,0,0,0,0,0,0,0,128,0,0,0,0,3,7,15,31,7,31,63,127,255,255,255,255,224,240
5195 DATA252,254,255,255,255,255,0,0,0,0,128,192,240,248,0,0,0,0,0,0,0,1,3,3,4,8,16,32
5200 DATA192,192,1,0,0,0,0,0,0,0,192,243,127,127,63,63,127,254,255,255,255,255,255,255
5205 DATA255,85,255,255,255,255,255,255,255,85,255,255,255,255,255,255,255,170,255,255
5210 DATA255,255,255,255,255,85,3,207,254,254,252,252,254,63,3,12,31,63,127,127,255,255
5215 DATA213,191,255,255,255,255,255,255,239,223,223,191,191,191,191,191,255,255,255
5220 DATA255,255,255,255,255,223,255,223,255,223,255,223,255,254,255,255,255,255,255
5225 DATA255,255,195,124,127,191,191,191,191,191,192,48,248,252,254,254,255,255,255,255
5230 DATA252,248,248,248,252,255,255,191,7,3,3,3,7,191,191,124,120,120,120,124,127,127
5235 DATA191,7,3,3,3,7,191,255,223,252,216,248,216,252,223,255,191,7,3,3,3,7,191,255
5240 DATA223,220,216,216,216,220,223,223,191,7,3,3,3,7,191,255,255,255,239,223,128,223
5245 DATA239,255,255,255,255,255,255,255,255,255,255,255,255,127,127,63,31,3,255,255
5250 DATA255,255,255,255,255,255,127,127,191,191,191,191,191,223,255,255,255,255,255
5255 DATA255,255,255,223,255,223,255,223,255,223,255,255,255,255,255,255,255,255,255
5260 DATA223,223,191,191,191,191,127,127,255,255,254,254,254,248,248,224,1,0,0,0,0,0
5265 DATA0,0,63,213,255,95,95,95,95,255,223,223,85,255,255,255,255,255,255,255,85,255
5270 DATA255,255,255,255,223,223,85,255,255,255,255,255,254,252,87,255,255,255,255,255
5275 DATA248,87,255,250,250,250,250,255,224,192,128,0,0,0,0,0,0,0,1,1,2,2,2,4,255,255
5280 DATA95,95,95,95,95,255,32,64,128,0,0,192,64,64,60,0,0,0,0,0,0,0,60,0,0,0,0,0,0,0
5285 DATA4,2,1,0,0,3,2,2,255,255,250,250,250,250,250,255,0,0,128,128,64,64,64,32,0,0
5290 DATA0,0,0,0,0,0,0,0,0,0,0,0,0,0,0,0,0,0,0,0,0,0,241,231,207,159,207,231,241,255
5295 DATA255,255,129,255,129,255,255,255,143,231,243,249,243,231,143,255,195,189,253
5300 DATA243,239,255,239,255,255,255,255,255,0,255,255,255,247,227,193,128,128,227,193
5305 DATA255,239,239,239,239,239,239,239,239,255,255,255,0,255,255,255,255,255,255,0
5310 DATA255,255,255,255,255,255,0,255,255,255,255,255,255,255,255,255,255,255,0,255
5315 DATA255,223,223,223,223,223,223,223,223,251,251,251,251,251,251,251,251,255,255
5320 DATA255,255,31,239,247,247,247,247,247,251,252,255,255,255,247,247,247,239,31,255
5325 DATA255,255,127,127,127,127,127,127,127,0,127,191,223,239,247,251,253,254,254,253
5330 DATA251,247,239,223,191,127,0,127,127,127,127,127,127,127,0,254,254,254,254,254
5335 DATA254,254,255,195,129,129,129,129,195,255,255,255,255,255,255,255,0,255,201,128
5340 DATA128,128,193,227,247,255,191,191,191,191,191,191,191,191,255,255,255,255,252
5345 DATA251,247,247,126,189,219,231,231,219,189,126,255,195,189,189,189,189,195,255
5350 DATA247,227,213,136,213,247,247,255,253,253,253,253,253,253,253,253,247,227,193
5355 DATA128,193,227,247,255,247,247,247,247,0,247,247,247,95,175,95,175,95,175,95,175
5360 DATA247,247,247,247,247,247,247,247,255,255,254,193,171,235,235,255,0,128,192,224
5365 DATA240,248,252,254,255,255,255,255,255,255,255,255,15,15,15,15,15,15,15,15,255
5370 DATA255,255,255,0,0,0,0,0,255,255,255,255,255,255,255,255,255,255,255,255,255,255
5375 DATA0,127,127,127,127,127,127,127,127,85,170,85,170,85,170,85,170,254,254,254,254
5380 DATA254,254,254,254,255,255,255,255,85,170,85,170,0,1,3,7,15,31,63,127,252,252,252
5385 DATA252,252,252,252,252,247,247,247,247,240,247,247,247,255,255,255,255,240,240
5390 DATA240,240,247,247,247,247,240,255,255,255,255,255,255,255,7,247,247,247,255,255
5395 DATA255,255,255,255,0,0,8,46,31,62,28,63,31,9,63,0,0,0,0,0,0,0,8,106,156,190,156
5400 DATA170,136,0,192,0,0,0,0,0,0,0,63,63,63,63,63,63,63,63,31,31,31,31,31,31,31,31
5405 DATA248,248,248,248,248,248,248,248,0,0,255,255,255,255,255,255,0,0,0,255,255,255
5410 DATA255,255,255,255,255,255,255,0,0,0,254,254,254,254,254,254,254,0,255,255,255
5415 DATA255,15,15,15,15,240,240,240,240,255,255,255,255,247,247,247,247,7,255,255,255
5420 DATA15,15,15,15,255,255,255,255,15
6000 DATA0,255,0,160,8,140,65,78,169,0,133,180,162,8,78,65,78,144,4,24,109,50,78,106
6005 DATA102,180,202,208,241,24,105,20,133,181,160,0,177,180,25,128,27,153,128,27,200
6010 DATA192,8,208,243,160,8,140,65,78,169,0,133,180,162,8,78,65,78,144,4,24,109,51,78
6015 DATA106,102,180,202,208,241,24,105,20,133,181,160,0,177,180,25,144,27,153,144,27
6020 DATA200,192,8,208,243,160,8,140,65,78,169,0,133,180,162,8,78,65,78,144,4,24,109
6025 DATA52,78,106,102,180,202,208,241,24,105,20,133,181,160,0,177,180,25,136,27,153
6030 DATA136,27,200,192,8,208,243,160,8,140,65,78,169,0,133,180,162,8,78,65,78,144,4
6035 DATA24,109,53,78,106,102,180,202,208,241,24,105,20,133,181,160,0,177,180,25,152
6040 DATA27,153,152,27,200,192,8,208,243,76,76,81,162,0,173,33,78,141,36,78,160,8,169
6045 DATA0,56,237,35,78,8,46,40,78,14,36,78,42,40,144,6,237,35,78,76,36,80,109,35,78
6050 DATA136,208,233,176,4,109,35,78,24,46,40,78,224,255,208,6,141,38,78,76,78,80,141
6055 DATA37,78,173,40,78,141,39,78,162,255,173,34,78,141,36,78,76,8,80,238,37,78,162
6060 DATA32,169,0,202,157,128,27,208,250,174,38,78,160,0,173,37,78,141,41,78,185,8,82
6065 DATA157,128,27,24,126,128,27,126,144,27,206,41,78,208,244,232,200,192,8,208,226
6070 DATA160,0,177,176,201,240,240,8,141,50,78,177,178,141,54,78,200,177,176,201,242
6075 DATA240,8,141,51,78,177,178,141,55,78,160,22,177,176,201,241,240,8,141,52,78,177
6080 DATA178,141,56,78,200,177,176,201,243,240,8,141,53,78,177,178,141,57,78,169,0,141
6085 DATA32,78,173,48,78,205,39,78,208,8,173,49,78,205,40,78,240,63,173,50,78,160,0,145
6090 DATA176,173,54,78,145,178,173,51,78,200,145,176,173,55,78,145,178,173,52,78,160
6095 DATA22,145,176,173,56,78,145,178,173,53,78,200,145,176,173,57,78,145,178,173,39
6100 DATA78,141,48,78,173,40,78,141,49,78,169,255,141,32,78,169,0,141,42,78,133,177,162
6105 DATA8,169,22,141,45,78,169,0,78,45,78,144,4,24,109,40,78,106,110,42,78,202,208,240
6110 DATA141,43,78,24,173,39,78,109,42,78,133,176,169,0,109,43,78,133,177,169,16,101
6115 DATA177,133,177,76,117,81,160,0,169,240,145,176,165,255,145,178,160,1,169,242,145
6120 DATA176,165,255,145,178,160,22,169,241,145,176,165,255,145,178,160,23,169,243,145
6125 DATA176,165,255,145,178,96,165,176,133,178,169,132,24,101,177,133,179,173,32,78
6130 DATA240,46,160,0,177,176,141,50,78,177,178,141,54,78,200,177,176,141,51,78,177,178
6135 DATA141,55,78,160,22,177,176,141,52,78,177,178,141,56,78,200,177,176,141,53,78,177
6140 DATA178,141,57,78,76,69,79,192,255,0,252,0,255,0,255,0,255,0,255,0,255,147,17,17
6145 DATA5,53,48,53,53,32,68,65,84,65,50,53,53,44,48,44,48,44,48,44,48,44,49,53,44,56
6150 DATA44,56,44,56,44,56,44,56,44,56,44,56,44,50,53,53,44,48,44,48,44,48,44,48,44,48
6155 DATA44,48,44,48,44,50,53,53,44,56,44,56,44,153
7000 DATA120,169,184,141,20,3,169,95,141,21
7010 DATA3,169,156,133,51,133,55,169,95,133
7020 DATA52,133,56,234,234,234,88,96,173,68
7030 DATA36,141,232,95,173,69,36,141,233,95
7040 DATA165,45,141,234,95,165,46,141,235
7050 DATA95,76,191,234,173,232,95,141,68,36
7060 DATA173,233,95,141,69,36,173,234,95,133
7070 DATA45,173,235,95,133,46,96,0,0,0,0

