253 FORI=49356TO49379:READII:POKEI,II:NEXT
263 FORI=52905TO52945:READII:POKEI,II:NEXT
273 FORI=52470TO52479:READII:POKEI,II:NEXT
283 FORI=51983TO52454:READII:POKEI,II:NEXT:END
300 ++++++++++++++++++++++++++++++++++++++++++++++++++++++
310 +                                                    +
320 +   ***  ****  ****     ****   ***   ***  ***  ***   +
330 +  *   * *   * *   *    *   * *   * *      *  *   *  +
340 +  ***** *   * ****     ****  *****  ***   *  *      +
350 +  *   * *   * *        *   * *   *     *  *  *   *  +
360 +  *   * ****  *        ****  *   *  ***  ***  ***   +
370 +                                                    +
380 +             --------------------------             +
390 +             (C)  1984     ADP SOFTWARE             +
400 +             --------------------------             +
410 +                                                    +
500 ++++++++++++++++++++++++++++++++++++++++++++++++++++++
4803 DATA31,203,115,203,181,203,198,203,231,203,252,203,26,204,59,204,201,204
4813 DATA121,194,160,207,182,297
4903 DATA80,210,68,79,85,66,76,197,69,196,71,82,65,80,72,73,195,76,80,82,73,78
4913 DATA212,85,83,73,78,199,79,85,212,72,67,79,80,217,76,76,73,83,212
4933 DATA80,82,79,70,70,13,64,32,96,160
5003 DATA168,9,96,72,162,4,76,110,201,32,204,255,9,96,76,132,201,32,121,0,201
5013 DATA145,240,19,201,224,240,26,201,223,240,8,201,225,240,47,201,226,240,57
5023 DATA76,43,198,32,35,192,162,68,32,201,255,76,248,168,169,13,32,210,255,32
5033 DATA204,255,32,231,255,76,248,168,169,10,32,15,203,169,0,32,210,255,169
5043 DATA10,76,24,203,169,7,141,46,192,32,204,255,32,231,255,76,58,203,169,0
5053 DATA240,240,32,121,0,201,145,240,11,201,224,240,24,201,238,240,0,76,43,198
5063 DATA32,35,192,162,68,32,201,255,169,14,32,210,255,76,69,203,234,32,35,192
5073 DATA162,68,32,201,255,169,15,32,210,255,76,69,203,32,210,255,169,3,32,204
5083 DATA255,189,99,32,195,255,240,208,76,248,168,234,234,32,158,183,138,832,210
5093 DATA255,169,6,76,24,203,32,121,0,201,145,240,7,201,224,240,197,76,43,198
5103 DATA32,35,192,162,68,32,201,255,169,8,32,210,255,76,69,203,32,210,255,32
5113 DATA35,192,162,68,32,201,255,169,13,52,160,170,32,204,255,169,68,76,248
5123 DATA168,76,248,168,234,234,32,212,225,160,0,177,187,32,210,255,200,196,183
5133 DATA208,246,169,13,32,210,255,169,2,76,24,203,76,248,168,234,234,169,13
5143 DATA32,160,170,169,1,76,24,203,169,8,32,210,255,169,13,32,210,255,169,15
5153 DATA32,210,255,96,234,234,32,35,192,162,68,32,201,255,169,4,160,0,133,252
5163 DATA132,251,162,40,32,228,255,208,91,224,40,208,7,32,42,204,234,234,162
5173 DATA0,177,251,41,128,73,128,9,18,32,210,255,177,251,41,31,133,253,177,251
5183 DATA41,127,74,74,74,74,74,168,185,252,204,160,0,5,253,201,34,208,20,169
5193 DATA39,208,16,234,32,210,255,138,168,169,32,32,210,255,136,208,248,169,32
5203 DATA32,,210,255,232,230,251,208,2,230,252,165,252,201,7,208,166,165,251,201
5213 DATA231,208,160,169,13,32,210,255,169,15,32,210,255,32,204,255,169,68,32
5223 DATA195,255,76,248,168,234,234,169,10,76,24,203,32,35,192,162,68,32,201
5233 DATA255,160,5,185,246,204,153,119,2,136,16,247,169,6,133,198,32,121,0,76
5243 DATA156,166

