10 FORI=49152TO53247:READII:POKEI,II:NEXT:SYS49152:END
20 ++++++++++++++++++++++++++++++++++++++++++++++++++++++
25 +                                                    +
30 +   ***  ****  ****     ****   ***   ***  ***  ***   +
35 +  *   * *   * *   *    *   * *   * *      *  *   *  +
40 +  ***** *   * ****     ****  *****  ***   *  *      +
45 +  *   * *   * *        *   * *   *     *  *  *   *  +
50 +  *   * ****  *        ****  *   *  ***  ***  ***   +
55 +                                                    +
60 +             --------------------------             +
65 +             (C)  1984     ADP SOFTWARE             +
70 +             --------------------------             +
75 +                                                    +
80 ++++++++++++++++++++++++++++++++++++++++++++++++++++++
100 DATA120,169,30,141,4,3,169,193,141,5,3,169,68,141,6,3,169,194,141,7,3,234
110 DATA234,169,249,141,8,3,169,192,141,9,3,208,48,32,204,255,32,231,255,169
120 DATA68,162,4,160,0,32,186,255,169,0,32,189,255,32,192,255,96,32,204,255,32
130 DATA231,255,169,72,162,8,160,15,32,186,255,169,0,32,189,255,32,192,255,96
140 DATA169,11,141,32,208,141,33,208,169,155,32,210,255,96,169,167,141,7,3,141
150 DATA9,3,169,165,141,5,3,169,124,141,4,3,169,26,141,6,3,169,228,141,8,3,76
160 DATA248,168,255,195,18,196,37,196,52,196,91,196,106,196,139,196,171,196,185
170 DATA196,195,196,18,197,181,197,208,197,240,197,171,198,249,198,104,199,196
180 DATA199,128,200,225,252,96,192,42,198,42,198,137,201,236,201,251,201,4,202
190 DATA22,202,31,202,97,202,118,202,135,202,139,202,143,202,147,202,197,202
200 DATA230,202,249,202,38,203,122,203,188,203,205,203,238,203,3,204,24,204,48
210 DATA204,213,204,121,194,160,207,182,207,68,195,0,0,0,0,0,0,0,0,0,0,0,0,0
220 DATA0,0,0,0,0,0,32,115,0,201,128,48,4,201,204,16,4,56,76,231,167,56,233,204
230 DATA10,168,169,167,72,169,233,72,185,129,192,72,185,128,192,72,76,115,0,166
240 DATA122,160,4,132,15,189,0,2,16,7,201,255,240,73,232,208,244,201,32,240,66
250 DATA133,8,201,34,240,97,36,15,112,56,201,63,208,4,169,153,208,48,201,48,144
260 DATA4,201,60,144,40,132,113,160,0,169,204,133,254,169,1,133,253,132,11,136
270 DATA134,122,202,200,208,2,230,254,232,189,0,2,56,241,253,240,242,201,128
280 DATA208,48,5,11,164,113,232,200,153,251,1,185,251,1,240,60,56,233,58,240
290 DATA4,201,73,208,2,133,15,56,233,85,208,148,133,8,189,0,2,240,223,197,8,240
300 DATA219,200,153,251,1,232,208,240,166,122,230,11,198,253,200,208,2,230,254
310 DATA177,253,16,247,230,253,177,253,208,175,189,0,2,16,184,153,253,1,198,123
320 DATA169,255,133,122,96,144,6,240,4,201,171,208,247,32,107,169,32,19,166,32
330 DATA121,0,240,12,201,171,208,232,32,115,0,32,107,169,208,224,104,104,165
340 DATA20,5,21,208,6,169,255,133,20,133,21,160,1,132,15,177,95,240,67,32,44
350 DATA168,32,215,170,200,177,95,170,200,177,95,197,21,208,4,228,20,240,2,176
360 DATA44,132,73,32,205,189,169,32,164,73,41,127,32,71,171,201,34,208,6,165
370 DATA15,73,255,133,15,200,240,17,177,95,208,16,168,177,95,170,200,177,95,134
380 DATA95,133,96,208,181,76,134,227,108,6,3,16,215,201,255,240,211,36,15,48
390 DATA207,56,233,127,170,132,73,160,255,169,204,133,255,169,1,133,254,202,240
400 DATA11,200,208,2,230,255,177,254,16,247,48,242,200,208,2,230,255,177,254
410 DATA48,164,32,71,171,208,242,120,169,128,141,143,2,169,195,141,144,2,88,32
420 DATA0,192,32,121,0,201,0,240,94,201,58,240,90,234,234,234,201,49,144,80,201
430 DATA57,176,76,41,15,170,202,138,72,32,115,0,201,44,208,63,32,115,0,32,158
440 DATA173,36,13,16,53,32,163,182,133,80,104,170,189,184,195,10,10,10,170,160
450 DATA0,177,34,240,19,201,31,208,2,169,13,157,192,195,232,200,192,8,240,15
460 DATA196,80,208,233,169,0,157,192,195,232,200,192,8,208,247,76,248,168,76
470 DATA43,198,162,0,169,13,32,210,255,169,75,32,210,255,169,69,32,210,255,169
480 DATA89,32,210,255,138,24,105,1,9,48,32,210,255,169,44,32,210,255,169,34,32
490 DATA210,255,189,184,195,10,10,10,168,138,72,162,0,185,192,195,240,9,201,13
500 DATA208,2,169,31,32,210,255,200,232,224,8,208,236,169,34,32,210,255,104,170
510 DATA232,201,7,208,174,76,248,168,32,212,225,165,183,240,159,169,65,162,8
520 DATA160,4,32,186,255,32,192,255,162,65,32,198,255,32,207,255,32,210,255,32
530 DATA225,255,240,5,32,183,255,240,240,32,204,255,169,65,32,195,255,76,140
540 DATA196,0,0,0,0,0,0,0,0,165,203,197,197,208,3,76,72,235,201,3,144,249,201
550 DATA7,176,245,56,233,3,10,10,10,172,141,2,240,3,24,105,32,162,7,24,105,7
560 DATA168,185,192,195,157,119,2,136,202,16,246,169,8,133,198,76,72,235,0,0
570 DATA1,5,2,6,3,7,0,4,67,65,84,13,0,0,0,0,70,76,65,83,72,13,0,0,68,83,65,86
580 DATA69,32,0,0,68,76,79,65,68,32,0,0,69,82,65,83,69,32,0,0,69,88,69,34,58
590 DATA42,34,13,65,80,80,69,78,68,0,0,86,73,69,87,32,32,0,0,32,59,192,162,72
600 DATA32,201,255,169,73,32,210,255,32,231,255,76,248,168,32,59,192,162,72,32
610 DATA201,255,169,86,32,210,255,32,231,255,76,248,168,32,59,192,162,72,32,201
620 DATA255,169,83,32,210,255,208,67,32,59,192,162,72,32,201,255,169,78,32,210
630 DATA255,169,58,32,210,255,32,212,225,160,0,177,187,32,210,255,200,196,183
640 DATA208,246,32,204,255,76,248,168,32,59,192,162,72,32,201,255,169,67,32,210
650 DATA255,208,13,32,59,192,162,72,32,201,255,169,82,32,210,255,169,58,32,210
660 DATA255,32,212,225,160,0,177,187,32,210,255,200,196,183,208,246,169,13,32
670 DATA210,255,32,59,192,162,72,32,198,255,32,207,255,32,210,255,32,183,255
680 DATA201,64,208,243,32,59,192,76,248,168,169,0,133,10,32,212,225,169,8,133
690 DATA186,76,111,225,32,212,225,169,8,133,186,76,89,225,169,1,208,230,133,98
700 DATA134,99,162,144,56,32,73,188,32,223,189,133,253,132,254,160,255,162,0
710 DATA200,177,253,208,251,132,252,56,169,3,229,252,168,240,9,169,32,157,60
720 DATA3,232,136,208,249,177,253,157,60,3,232,200,201,0,208,245,202,169,32,157
730 DATA60,3,232,169,0,157,60,3,169,60,160,3,76,30,171,169,65,162,8,160,0,32
740 DATA186,255,169,1,162,96,160,163,32,189,255,32,192,255,162,65,32,198,255
750 DATA32,207,255,32,207,255,32,207,255,32,207,255,169,13,32,210,255,32,225
760 DATA255,240,104,32,183,255,208,99,32,207,255,133,254,32,207,255,166,254,32
770 DATA200,196,32,207,255,234,234,201,34,240,14,201,66,208,243,32,210,255,32
780 DATA207,255,208,248,240,199,162,0,157,195,2,232,32,207,255,157,195,2,201
790 DATA34,208,245,32,207,255,201,32,240,249,141,192,2,32,207,255,141,193,2,169
800 DATA32,141,194,2,234,169,0,157,195,2,162,255,232,189,192,2,240,5,32,210,255
810 DATA208,245,32,207,255,208,251,240,136,32,204,255,169,65,32,195,255,76,248
820 DATA168,169,4,133,198,169,147,141,119,2,169,82,141,120,2,169,213,141,121
830 DATA2,169,13,141,122,2,76,172,196,169,0,133,10,32,212,225,169,8,133,186,169
840 DATA1,133,185,76,111,225,41,207,133,170,36,170,80,3,24,105,9,41,15,96,32
850 DATA212,225,164,183,136,177,187,32,227,197,133,168,136,177,187,32,227,197
860 DATA10,10,10,10,24,101,168,133,168,136,177,187,32,227,197,133,169,136,177
870 DATA187,32,227,197,10,10,10,10,24,101,169,133,169,136,177,187,201,44,240
880 DATA5,162,11,76,139,227,136,177,187,32,227,197,133,251,136,177,187,32,227
890 DATA197,10,10,10,10,24,101,251,133,251,136,177,187,32,227,197,133,252,136
900 DATA177,187,32,227,197,10,10,10,10,24,101,252,133,252,136,177,187,201,44
910 DATA240,5,162,11,76,139,227,234,132,183,169,65,162,8,160,1,32,186,255,32
920 DATA192,255,162,65,32,201,255,165,251,32,210,255,165,252,32,210,255,160,0
930 DATA177,251,32,210,255,230,251,208,2,230,252,165,251,197,168,208,239,165
940 DATA252,197,169,208,233,32,204,255,169,65,32,195,255,76,140,196,32,212,225
950 DATA169,67,162,8,160,0,32,186,255,32,192,255,162,67,32,198,255,32,207,255
960 DATA133,252,32,207,255,133,253,166,252,234,32,205,189,169,13,32,210,255,230
970 DATA252,208,2,230,253,32,207,255,32,183,255,240,242,32,204,255,169,67,32
980 DATA195,255,166,252,165,253,32,205,189,169,13,32,210,255,76,140,196,32,235
990 DATA183,134,252,32,59,192,169,67,162,8,160,5,32,186,255,169,1,162,58,160
1000 DATA160,32,189,255,32,192,255,162,72,32,201,255,169,224,160,207,32,30,171
1010 DATA166,20,169,0,32,205,189,169,44,32,210,255,166,252,169,0,32,205,189,169
1020 DATA13,32,210,255,32,204,255,162,67,32,198,255,162,0,134,170,169,32,32,210
1030 DATA255,32,207,255,170,169,0,32,200,196,173,141,2,208,251,230,170,208,233
1040 DATA32,204,255,169,67,32,195,255,76,140,196,32,212,225,165,45,56,233,2,170
1050 DATA165,46,233,0,168,169,8,133,186,169,0,32,213,255,32,51,165,56,165,45
1060 DATA233,2,133,87,165,46,233,0,133,88,160,0,177,87,208,29,200,177,87,208
1070 DATA24,165,87,24,105,2,133,45,133,47,133,49,165,88,105,0,133,46,133,48,133
1080 DATA50,76,140,196,160,0,177,87,133,89,200,177,87,133,88,165,89,133,87,24
1090 DATA144,203,32,212,225,162,17,169,160,157,64,3,202,16,250,164,183,240,10
1100 DATA136,177,187,153,64,3,192,0,208,246,32,59,192,162,72,32,201,255,169,73
1110 DATA32,210,255,32,204,255,169,67,162,8,160,3,32,186,255,169,1,162,58,160
1120 DATA160,32,189,255,32,192,255,162,72,32,201,255,169,240,160,207,32,30,171
1130 DATA32,204,255,162,67,32,198,255,162,0,32,207,255,157,0,160,232,208,247
1140 DATA32,204,255,162,17,189,64,3,157,144,160,202,16,247,162,72,32,201,255
1150 DATA169,232,160,207,32,30,171,32,204,255,162,67,32,201,255,165,1,41,254
1160 DATA133,1,162,0,189,0,160,32,210,255,232,208,247,32,204,255,165,1,9,1,133
1170 DATA1,169,50,141,241,207,162,72,32,201,255,169,240,160,207,32,30,171,32
1180 DATA204,255,169,67,32,195,255,169,49,141,241,207,76,0,196,32,212,225,169
1190 DATA8,133,186,169,73,133,184,32,192,255,32,65,192,162,72,32,198,255,32,207
1200 DATA255,133,252,32,207,255,24,101,252,133,252,32,207,255,32,183,255,201
1210 DATA64,208,246,32,204,255,165,252,201,96,240,8,32,231,255,162,4,76,139,227
1220 DATA162,73,32,198,255,32,207,255,32,207,255,32,207,255,170,32,207,255,224
1230 DATA0,208,6,201,0,208,2,240,106,169,0,133,252,169,13,32,210,255,32,225,255
1240 DATA240,92,32,207,255,170,32,207,255,32,205,189,169,32,32,210,255,32,207
1250 DATA255,240,205,201,34,208,8,72,165,252,73,1,133,252,104,201,0,48,5,32,210
1260 DATA255,208,230,164,252,208,247,72,169,0,133,168,169,205,133,169,160,0,104
1270 DATA41,127,170,240,12,200,208,2,230,169,177,168,16,247,202,208,244,200,208
1280 DATA2,230,169,177,168,72,41,127,32,210,255,104,16,240,48,179,32,204,255
1290 DATA169,73,32,195,255,76,248,168,32,204,255,32,231,255,169,70,162,6,160
1300 DATA0,32,186,255,169,0,32,189,255,32,192,255,96,168,9,80,72,162,6,32,186
1310 DATA255,169,0,32,189,255,32,192,255,104,170,32,201,255,96,32,204,255,9,80
1320 DATA32,195,255,76,248,168,32,121,0,201,145,240,19,201,224,240,26,201,223
1330 DATA240,36,201,225,240,47,201,226,240,58,76,43,198,32,80,201,162,70,32,201
1340 DATA255,76,248,168,169,13,32,210,255,32,204,255,32,231,255,76,248,168,169
1350 DATA7,32,104,201,169,0,32,210,255,169,7,76,127,201,169,6,32,104,201,169
1360 DATA49,32,210,255,169,6,76,127,201,169,6,32,104,201,169,48,32,210,255,169
1370 DATA6,76,127,201,234,234,234,169,1,32,104,201,169,72,32,210,255,169,1,76
1380 DATA127,201,169,1,32,104,201,169,73,208,239,169,1,32,104,201,169,77,32,210
1390 DATA255,32,70,202,169,1,76,127,201,169,1,32,104,201,169,68,208,236,32,121
1400 DATA0,201,230,240,7,201,231,240,15,76,0,207,32,115,0,169,1,32,104,201,169
1410 DATA82,208,210,32,115,0,169,1,32,104,201,169,74,208,198,32,158,173,32,221
1420 DATA189,32,30,171,32,121,0,32,210,255,32,115,0,32,158,173,32,221,189,32
1430 DATA30,171,96,169,2,32,104,201,32,158,183,138,41,3,9,48,32,210,255,169,2
1440 DATA76,127,201,169,48,72,169,2,32,104,201,104,32,210,255,169,2,76,127,201
1450 DATA169,49,208,237,169,50,208,233,169,51,208,229,32,158,183,138,201,10,240
1460 DATA17,201,20,240,13,201,40,240,9,201,80,240,5,162,14,76,139,227,162,254
1470 DATA232,10,144,252,138,72,169,3,32,104,201,104,170,169,0,32,205,189,169
1480 DATA3,76,127,201,32,121,0,201,145,240,7,201,224,240,3,76,43,198,41,1,9,48
1490 DATA72,169,4,32,104,201,104,32,210,255,169,4,76,127,201,169,5,32,104,201
1500 DATA32,158,173,32,221,189,32,30,171,169,5,76,127,201,32,80,201,162,70,32
1510 DATA201,255,169,13,32,160,170,32,204,255,169,70,76,127,201,168,9,96,72,162
1520 DATA4,76,110,201,72,169,13,32,210,255,104,32,204,255,9,96,76,132,201,32
1530 DATA121,0,201,145,240,19,201,224,240,26,201,223,240,36,201,225,240,47,201
1540 DATA226,240,57,76,43,198,32,35,192,162,68,32,201,255,76,248,168,169,13,32
1550 DATA210,255,32,204,255,32,231,255,76,248,168,169,10,32,15,203,169,0,32,210
1560 DATA255,169,10,76,24,203,169,7,141,46,192,32,204,255,32,231,255,76,69,203
1570 DATA169,0,240,240,32,121,0,201,145,240,11,201,224,240,24,201,238,240,24
1580 DATA76,43,198,169,147,72,169,0,32,15,203,104,32,210,255,169,0,76,24,203
1590 DATA169,19,208,237,32,115,0,169,3,32,15,203,32,158,183,138,32,210,255,169
1600 DATA3,32,24,203,24,144,212,234,234,234,234,169,6,32,15,203,32,158,183,138
1610 DATA32,210,255,169,6,76,24,203,32,121,0,201,145,240,7,201,224,240,18,76
1620 DATA43,198,169,4,72,32,15,203,169,0,32,210,255,104,76,24,203,169,9,208,239
1630 DATA32,35,192,162,68,32,201,255,169,13,32,160,170,32,204,255,169,68,76,248
1640 DATA168,169,2,32,15,203,169,13,32,160,170,32,204,255,169,98,32,195,255,76
1650 DATA248,168,169,1,32,15,203,169,13,32,160,170,32,204,255,169,97,32,195,255
1660 DATA76,248,168,234,234,234,169,6,32,15,203,169,21,32,210,255,169,13,32,210
1670 DATA255,32,204,255,169,102,32,195,255,32,35,192,162,68,32,201,255,169,4
1680 DATA160,0,133,252,132,251,162,40,32,228,255,208,91,224,40,208,7,169,13,32
1690 DATA210,255,162,0,177,251,41,128,73,128,9,18,32,210,255,177,251,41,31,133
1700 DATA253,177,251,41,127,74,74,74,74,74,168,185,252,204,160,0,5,253,201,34
1710 DATA208,20,32,210,255,169,141,32,210,255,138,168,169,32,32,210,255,136,208
1720 DATA248,169,32,32,210,255,232,230,251,208,2,230,252,165,252,201,7,208,166
1730 DATA165,251,201,231,208,160,169,13,32,210,255,32,204,255,169,68,32,195,255
1740 DATA169,10,32,15,203,169,0,32,210,255,169,10,76,24,203,32,35,192,162,68
1750 DATA32,201,255,160,5,185,246,204,153,119,2,136,16,247,169,6,133,198,32,121
1760 DATA0,76,156,166,223,32,255,80,82,79,70,70,13,64,32,96,160,0,69,78,196,70
1770 DATA79,210,78,69,88,212,68,65,84,193,73,78,80,85,84,163,73,78,80,85,212
1780 DATA68,73,205,82,69,65,196,76,69,212,71,79,84,207,82,85,206,73,198,82,69
1790 DATA83,84,79,82,197,71,79,83,85,194,82,69,84,85,82,206,82,69,205,83,84,79
1800 DATA208,79,206,87,65,73,212,76,79,65,196,83,65,86,197,86,69,82,73,70,217
1810 DATA68,69,198,80,79,75,197,80,82,73,78,84,163,80,82,73,78,212,67,79,78,212
1820 DATA76,73,83,212,67,76,210,67,77,196,83,89,211,79,80,69,206,67,76,79,83
1830 DATA197,71,69,212,78,69,215,84,65,66,168,84,207,70,206,83,80,67,168,84,72
1840 DATA69,206,78,79,212,83,84,69,208,171,173,170,175,222,65,78,196,79,210,190
1850 DATA189,188,83,71,206,73,78,212,65,66,211,85,83,210,70,82,197,80,79,211
1860 DATA83,81,210,82,78,196,76,79,199,69,88,208,67,79,211,83,73,206,84,65,206
1870 DATA65,84,206,80,69,69,203,76,69,206,83,84,82,164,86,65,204,65,83,195,67
1880 DATA72,82,164,76,69,70,84,164,82,73,71,72,84,164,77,73,68,164,71,207,73
1890 DATA78,73,212,86,68,65,84,197,69,82,65,83,197,70,77,65,212,67,79,80,217
1900 DATA82,69,78,65,77,197,70,76,65,83,200,68,76,79,65,196,68,83,65,86,197,68
1910 DATA86,69,210,67,65,212,69,88,197,66,76,79,65,196,66,83,65,86,197,82,65
1920 DATA78,71,197,84,82,83,197,65,80,80,69,78,196,68,73,83,75,78,65,77,197,86
1930 DATA73,69,215,82,69,83,69,212,79,70,198,83,77,65,76,204,67,65,208,80,204
1940 DATA72,79,77,197,83,69,212,77,79,86,197,68,82,65,215,82,69,204,67,79,76
1950 DATA79,210,66,76,65,67,203,66,76,85,197,71,82,69,69,206,82,69,196,83,73
1960 DATA90,197,82,79,84,65,84,197,66,82,79,75,69,206,87,82,73,84,197,80,210
1970 DATA80,65,71,197,70,69,69,196,77,69,83,83,65,71,197,76,80,82,73,78,212,85
1980 DATA83,73,78,199,79,85,212,72,67,79,80,217,76,76,73,83,212,75,69,217,83
1990 DATA69,78,196,82,69,67,69,73,86,197,70,73,76,197,0,0,0,0,0,0,0,0,0,0,0,0
2000 DATA0,0,0,0,0,0,0,0,0,0,0,0,0,0,0,0,201,159,240,7,201,160,240,97,76,43,198
2010 DATA32,59,192,32,115,0,32,212,225,164,183,240,240,136,177,187,153,64,3,192
2020 DATA0,208,246,164,183,165,186,201,1,240,24,169,44,153,64,3,200,169,76,153
2030 DATA64,3,200,169,44,153,64,3,200,165,186,153,64,3,200,152,162,64,160,3,32
2040 DATA189,255,169,66,162,8,160,4,32,186,255,32,192,255,162,72,32,198,255,32
2050 DATA207,255,32,183,255,201,64,208,246,32,204,255,96,32,204,255,169,66,32
2060 DATA195,255,76,248,168,32,138,173,32,247,183,162,72,32,201,255,169,80,32
2070 DATA210,255,169,4,32,210,255,165,20,32,210,255,165,21,32,210,255,169,1,32
2080 DATA210,255,32,204,255,76,86,207,234,234,234,32,116,207,32,253,174,162,66
2090 DATA32,201,255,169,13,32,160,170,32,204,255,76,248,168,32,116,207,32,253
2100 DATA174,162,66,76,173,171,0,0,0,0,0,0,0,0,0,0,0,0,0,0,0,0,0,0,0,0,0,0,0
2110 DATA0,0,0,0,0,0,0,85,49,58,53,44,48,44,0,66,45,80,58,51,44,48,0,85,49,58
2120 DATA51,44,48,44,49,56,44,48,0,0,0,0,80

