284 FORI=49786TO50175:READII:POKEI,II:NEXT
285 FORI=52992TO53185:READII:POKEI,II:NEXT
286 FORI=49374TO49381:READII:POKEI,II:NEXT
287 FORI=52946TO52983:READII:POKEI,II:NEXT
288 POKE51756,0:POKE51757,207
300 ++++++++++++++++++++++++++++++++++++++++++++++++++++++
310 +                                                    +
320 +   ***  ****  ****     ****   ***   ***  ***  ***   +
330 +  *   * *   * *   *    *   * *   * *      *  *   *  +
340 +  ***** *   * ****     ****  *****  ***   *  *      +
350 +  *   * *   * *        *   * *   *     *  *  *   *  +
360 +  *   * ****  *        ****  *   *  ***  ***  ***   +
370 +                                                    +
380 +             --------------------------             +
390 +             (C)  1984     ADP SOFTWARE             +
400 +             --------------------------             +
410 +                                                    +
500 ++++++++++++++++++++++++++++++++++++++++++++++++++++++
6004 DATA120,169,128,141,143,2,169,195,141,144,2,88,32,0,192,32,121,0,201,0,240
6014 DATA94,201,58,240,90,234,234,234,201,49,144,80,201,57,176,76,41,15,170,202
6024 DATA138,72,32,115,0,201,44,208,63,32,115,0,32,158,173,36,13,16,53,32,163
6034 DATA182,133,80,104,170,189,184,195,10,10,10,170,160,0,177,34,248,19,201
6044 DATA31,208,2,169,13,157,192,195,232,200,192,8,240,15,196,80,208,233,169
6054 DATA0,157,192,195,232,200,192,8,208,247,76,248,168,76,43,198,162,0,169,13
6064 DATA32,210,255,169,75,32,210,255,169,69,32,210,255,169,89,32,210,255,138
6074 DATA24,105,1,9,48,32,210,255,169,44,32,210,255,169,34,32,210,255,189,184
6084 DATA195,10,10,10,168,138,72,162,0,185,192,195,240,9,201,13,208,2,169,31
6094 DATA32,210,255,200,232,224,8,208,236,169,34,32,210,255,104,170,232,201,7
6104 DATA208,174,76,248,168,32,212,225,165,183,240,159,169,65,162,8,160,4,32
6114 DATA186,255,32,192,255,162,65,32,198,255,32,207,255,32,210,255,32,225,255
6124 DATA240,5,32,183,255,240,240,32,204,255,169,65,32,195,255,76,140,196,0,0
6134 DATA0,0,0,0,0,0,165,203,197,197,208,3,76,72,235,201,3,144,249,201,7,176
6144 DATA245,56,233,3,10,10,10,172,141,2,240,3,24,105,32,162,7,24,105,7,168,185
6154 DATA192,195,157,119,2,136,202,16,246,169,8,133,198,76,72,235,0,0,1,5,2,6
6164 DATA3,7,0,4,67,65,84,13,0,0,0,0,70,76,65,83,72,13,0,0,68,83,65,86,69,32
6174 DATA0,0,68,76,79,65,68,32,0,0,69,82,65,83,69,32,0,0,69,88,69,34,58,42,34
6184 DATA13,65,80,80,69,78,68,0,0,86,73,69,87,32,32,0,0
6200 REM **************************************************************
6204 DATA201,159,240,7,201,160,240,97,76,43,198,32,59,192,32,115,0,32,212,225
6214 DATA164,183,240,240,136,177,187,153,64,3,192,0,208,246,164,183,165,186,201
6224 DATA1,240,24,169,44,153,64,3,200,169,76,153,64,3,200,169,44,153,64,3,200
6234 DATA165,186,153,64,3,200,152,162,64,160,23,32,189,255,169,66,162,8,160,4
6244 DATA32,186,255,32,192,255,162,72,32,198,255,32,207,255,32,183,255,201,64
6254 DATA208,246,32,204,255,96,32,204,255,169,66,32,195,255,76,248,168,32,138
6264 DATA173,32,247,183,162,72,32,201,255,169,80,32,210,255,169,4,32,210,255
6274 DATA165,20,32,210,255,165,21,32,210,255,169,1,32,210,255,32,204,255,76,86
6284 DATA207,234,234,234,32,116,207,32,253,174,162,66,32,201,255,169,13,32,160
6294 DATA170,32,204,255,76,248,168,32,116,207,32,253,174,162,66,76,173,171
6300 REM **************************************************************
6304 DATA121,194,160,207,182,207,68,195
6400 REM **************************************************************
6404 DATA75,69,217,83,69,78,196,82,69,67,69,73,86,197,70,73,76,197

