200 L=49152
210 READA:IFA=255THENSYS49152:NEW
220 POKEL,A:L=L+1:GOTO210
230 :
240 DATA169,0,133,251,169,160,133,252,160,0
250 DATA177,251,145,251,200,208,249,230,252,169
260 DATA192,197,252,208,241,169,166,141,28,160
270 DATA169,2,141,29,160,169,82,141,190,160
280 DATA169,86,141,191,160,169,211,141,192,160
290 DATA162,0,189,68,192,157,167,2,232,224
300 DATA56,208,245,169,54,133,1,96,160,8
310 DATA132,252,160,0,132,251,162,0,32,212
320 DATA2,201,0,208,6,232,224,3,208,244
330 DATA96,201,143,208,237,32,212,2,201,0
340 DATA240,239,201,064,208,245,169,018,145,251
350 DATA76,175,2,200,208,2,230,252,177,251
360 DATA96,255

